CS 540 Spring 2018 HW10 Grading Scheme
1. (40 points) Compiles and passes examples.
2. (60 points) Compiles and passes additional tests.

example1_1: (1 point)
$java Neural 100 0.1 0.2 0.3 0.4 0.5 0.6 0.7 0.8 0.9 1 -1
0.00000 0.00000 0.30000 0.30000 0.97000 0.72512

example1_2: (1 point)
$java Neural 100 1 0.9 0.8 0.7 0.6 0.5 0.4 0.3 0.2 -0.2 1.7
2.18000 2.18000 1.43000 1.43000 1.34000 0.79249

example1_3:  (1 point)
$java Neural 100 4 3 2 1 0 -1 -2 -3 -4 -4 1
-6.00000 0.00000 0.00000 0.00000 -2.00000 0.11920

example2_1: (1 point)
$java Neural 200 0.1 0.2 0.3 0.4 0.5 0.6 0.7 0.8 0.9 1 -1 1
0.03778 -0.27488 -0.05479

example2_2: (1 point)
$java Neural 200 1 0.9 0.8 0.7 0.6 0.5 0.4 0.3 0.2 -0.2 1.7 0
0.31402 0.79249 0.13032

example2_3: (1 point)
$java Neural 200 4 3 2 1 0 -1 -2 -3 -4 -4 1 0
0.00710 0.11920 0.01252

example3_1: (1 point)
$java Neural 300 0.1 0.2 0.3 0.4 0.5 0.6 0.7 0.8 0.9 1 -1 1
-0.04383 -0.04383 -0.04931 -0.04931

example3_2: (1 point)
$java Neural 300 1 0.9 0.8 0.7 0.6 0.5 0.4 0.3 0.2 -0.2 1.7 0
0.03910 0.03910 0.02606 0.02606

example3_3: (1 point)
$java Neural 300 4 3 2 1 0 -1 -2 -3 -4 -4 1 0
-0.03755 0.00000 -0.05006 -0.05006

example4_1: (1 point)
$java Neural 400 0.1 0.2 0.3 0.4 0.5 0.6 0.7 0.8 0.9 1 -1 1
-0.04383 -0.04383 0.04383 -0.04931 -0.04931 0.04931 -0.05479 0.00000 -0.01644

example4_2: (1 point)
$java Neural 400 1 0.9 0.8 0.7 0.6 0.5 0.4 0.3 0.2 -0.2 1.7 0
0.03910 -0.00782 0.06647 0.02606 -0.00521 0.04431 0.13032 0.28411 0.18636

example4_3: (1 point)
$java Neural 400 4 3 2 1 0 -1 -2 -3 -4 -4 1 0
0.00000 0.00000 0.00000 -0.05006 0.20025 -0.05006 0.01252 0.00000 0.00000

example5_1: (4 points, 1 point each line)
$java Neural 500 0.1 0.2 0.3 0.4 0.5 0.6 0.7 0.8 0.9 1 -1 1 0.1
0.10000 0.20000 0.30000 0.40000 0.50000 0.60000 0.70000 0.80000 0.90000
0.03778
0.10438 0.20438 0.29562 0.40493 0.50493 0.59507 0.70548 0.80000 0.90164
0.03617

example5_2: (4 points, 1 point each line)
$java Neural 500 1 0.9 0.8 0.7 0.6 0.5 0.4 0.3 0.2 -0.2 1.7 0 0.1
1.00000 0.90000 0.80000 0.70000 0.60000 0.50000 0.40000 0.30000 0.20000
0.31402
0.99609 0.90078 0.79335 0.69739 0.60052 0.49557 0.38697 0.27159 0.18136
0.29972

example5_3: (4 points, 1 point each line)
$java Neural 500 4 3 2 1 0 -1 -2 -3 -4 -4 1 0 0.1
4.00000 3.00000 2.00000 1.00000 0.00000 -1.00000 -2.00000 -3.00000 -4.00000
0.00710
4.00000 3.00000 2.00000 1.00501 -0.02002 -0.99499 -2.00125 -3.00000 -4.00000
0.00371

example6_1: (2 points)
$java Neural 600 0.1 0.2 0.3 0.4 0.5 0.6 0.7 0.8 0.9 0.1
0.98000 0.87000 1.00000 
0.10049 0.20048 0.30043 0.40055 0.50054 0.60048 0.70062 0.80034 0.90087 
7.18915 
...
0.94000 0.69000 0.00000 
-0.13841 0.01138 0.16820 0.06135 0.23868 0.40744 0.20827 0.73651 0.51442 
3.87761 (only check this number)

example7_1: (6 points, 1 point each line)
$java Neural 700 0.1 0.2 0.3 0.4 0.5 0.6 0.7 0.8 0.9 0.1 3
-0.13841 0.01138 0.16820 0.06135 0.23868 0.40744 0.20827 0.73651 0.51442
3.87761
-0.15422 0.01050 0.18620 -0.10760 0.12065 0.33611 -0.14930 0.73903 0.41698
2.99174
-0.18275 0.01188 0.22380 -0.19706 0.06861 0.31792 -0.35328 0.74892 0.41936
2.71163

example8_1: (4 points, 1 point each line, 0 if number of epochs is missing)
$java Neural 800 0.1 0.2 0.3 0.4 0.5 0.6 0.7 0.8 0.9 0.1 10000
788
-3.51459 1.20379 4.45346 -2.72310 0.93258 3.44859 -3.99435 2.11219 1.63381
0.87178
0.96000

example8_2: (4 points, 1 point each line, 0 if number of epochs is missing)
$java Neural 800 -0.8 0.5 0 -1 0 -0.7 -0.7 0.9 0.1 0.1 10000
2
-0.80000 0.50000 0.00000 -1.00000 0.00000 -0.70000 -0.65318 0.90000 0.10000
2.56847
0.72000

===================== HIDDEN TEST ===================== 
test1_1: (2 points)
$java Neural 100 2147483647 -0.8 0 0.567 -2147483648 74 -365 -10 -0.002  10000  -0.01644
2147475647.00000 2147475647.00000 -21474836480000.65000 0.00000 -21474756835.00000 0.00000 

test1_2: (2 points)
$java Neural 100 8 -7 669 -265 2031 -4474 -131 -8  4 -53 1024
685435.00000 685435.00000 -4689284.00000 0.00000 -5483611.00000 0.00000 

test2_1: (2 points)
$java Neural 200 1 1 1 1 1 1 1 1 1 1 1 0
0.49909 0.99909 0.00091

test2_2: (2 points)
$java Neural 200 45 2 5 61 8 -1 -67 -33 -89 0.1 0.001 0
0.00000 0.00000 0.00000

test3_1: (2 points)
$java Neural 300 0 -14.74 -7.37  0 7.1 8.01 0 0.8 0.2 -1 2 0
0.08434 0.08434 0.02108 0.02108

test3_2: (2 points)
$java Neural 300 0 -1.274 1.737  -1 4.1 4.12 0.1 0.5 0.6 -0.1 1.2 0
0.01616 0.01616 0.01939 0.01939 

test4_1: (2 points)
$java Neural 400 0 -14.74 -7.37  0 7.1 8.01 0 0.8 0.2 -1 2 0
0.08434 -0.08434 0.16867 0.02108 -0.02108 0.04217 0.10542 0.00000 0.94036

test4_2: (2 points)
$java Neural 400 1.11 -1.02344 -0.33 0 1.27008 -0.002 0.12 1.2 2.001 -1 1 0
0.09137 -0.09137 0.09137 0.00000 -0.00000 0.00000 0.07614 0.13732 0.00000

test5_1: (4 points, 1 point each line)
$java Neural 500 0.11 0.18 0.33 1.01 -1.28 -1 1.5 -0.78 0.22 -1.2 2 1 0.01
0.11000 0.18000 0.33000 1.01000 -1.28000 -1.00000 1.50000 -0.78000 0.22000 
0.02729
0.10967 0.18039 0.32935 1.01009 -1.28011 -0.99982 1.50042 -0.77977 0.22023
0.02719

test5_2: (4 points, 1 point each line)
$java Neural 500 0.001 -0.008 0.013 -0.002 -0.018 0 -0.007 0.022 -0.005 -0.5 0.64 0 10
0.00100 -0.00800 0.01300 -0.00200 -0.01800 0.00000 -0.00700 0.02200 -0.00500
0.12416
-0.02641 0.00570 -0.00454 0.00423 -0.02111 0.00399 -1.25277 0.00541 -0.01372
0.02468

test5_3: (4 points, 1 point each line)
$java Neural 500 -1 1 -1 1 -1 1 -1 1 -1 1 2 1 1
-1.00000 1.00000 -1.00000 1.00000 -1.00000 1.00000 -1.00000 1.00000 -1.00000 
0.45370 
-1.00000 1.00000 -1.00000 0.95697 -1.04303 0.91393 -0.95697 1.00000 -0.91393 
0.43012

test5_4: (4 points, 1 point each line)
$java Neural 500 0 0 0 0 0 0 0 0 0 0 0 1 0.01
0.00000 0.00000 0.00000 0.00000 0.00000 0.00000 0.00000 0.00000 0.00000 
0.12500 
0.00000 0.00000 0.00000 0.00000 0.00000 0.00000 0.00125 0.00000 0.00000 
0.12484

test6_1: (2 points)
$java Neural 600 0.001 -0.008 0.013 -0.002 -0.018 0 -0.007 0.022 -0.005 10
0.98000 0.87000 1.00000 
0.02859 0.01904 0.03701 -0.00200 -0.01800 0.00000 1.24730 0.02761 -0.00500 
5.60941 
...
0.94000 0.69000 0.00000 
-0.00856 -0.01514 0.00431 -0.00200 -0.01800 0.00000 -2.71564 -0.07828 -0.00500 
3.11374 (only check this number)


test6_2: (2 points)
$java Neural 600 0.173 0.1838 0.213 0.8 -0.1 -1 0.999 -0.63 0.1 0.1
0.98000 0.87000 1.00000 
0.16818 0.17907 0.20880 0.80000 -0.10000 -1.00000 1.00666 -0.62588 0.10000 
4.51939 
...
0.94000 0.69000 0.00000 
0.44085 0.37345 0.33449 0.77285 -0.12032 -1.01443 0.62200 -0.85267 0.03219 
2.99734 (only check this number)


test6_3: (2 points)
$java Neural 600 0.1 0.2 0.3 0.4 0.5 0.6 0.7 0.8 0.9 1
0.98000 0.87000 1.00000 
0.10493 0.20483 0.30429 0.40555 0.50544 0.60483 0.70616 0.80343 0.90870 
7.24038 
...
0.94000 0.69000 0.00000 
-0.18402 0.00674 0.14206 -0.34546 0.01600 0.41070 -1.30625 0.68277 0.35772 
2.56677 (only check this number)


test7_1: (5 points, 0.5 point each line)
$java Neural 700 0.001 -0.008 0.013 -0.002 -0.018 0 -0.007 0.022 -0.005 0.01 5
0.00065 -0.00816 0.01296 -0.00200 -0.01800 0.00000 -0.02791 0.02202 -0.00500 
3.08726 
0.00040 -0.00825 0.01296 -0.00200 -0.01800 0.00000 -0.04795 0.02205 -0.00500 
3.06089 
0.00019 -0.00830 0.01299 -0.00200 -0.01800 0.00000 -0.06716 0.02208 -0.00500 
3.03621 
0.00002 -0.00832 0.01304 -0.00200 -0.01800 0.00000 -0.08558 0.02211 -0.00500 
3.01311 
-0.00013 -0.00832 0.01311 -0.00200 -0.01800 0.00000 -0.10323 0.02215 -0.00500 
2.99149

test7_2: (2 points, 0.5 point each line)
$java Neural 700 1 1 1 1 1 1 1 1 1 1 2
0.78239 0.81082 0.86851 0.78239 0.81082 0.86851 0.05488 -0.68308 -0.68308 
3.22628 
0.44065 0.41150 0.52734 0.44065 0.41150 0.52734 -0.80404 -0.56376 -0.56376 
2.97236

test7_3: (3 points, 0.5 point each line)
$java Neural 700 -0.324 0.9 -0.36 1 0.36 0.36 0.5 0.5 0.5 0.1 3
-0.45363 0.79026 -0.42633 0.90569 0.29060 0.31571 0.04573 0.46320 -0.10603 
3.01893 
-0.48884 0.75789 -0.44293 0.92925 0.30514 0.32412 -0.12882 0.46002 -0.29500 
2.65305 
-0.49926 0.74842 -0.44691 0.93986 0.30243 0.31114 -0.19838 0.45944 -0.33795 
2.60141

test8_1: (4 points, 1 point each line, 0 if number of epochs is missing)
$java Neural 800 0 0 0 0 0 0 0 0 0 0.01 10
10 
0.00000 0.00000 0.00000 0.00000 0.00000 0.00000 -0.17643 0.00000 0.00000 
2.90723 
0.72000

test8_2: (4 points, 1 point each line, 0 if number of epochs is missing)
$java Neural 800 0.001 -0.008 0.013 -0.002 -0.018 0 -0.007 0.022 -0.005 10 500
2 
-0.00856 -0.01514 0.00431 -0.00200 -0.01800 0.00000 -2.71564 -0.07828 -0.00500 
3.11374 
0.72000 

test8_3: (4 points, 1 point each line, 0 if number of epochs is missing)
$java Neural 800 -1 1 -1 1 -1 1 -1 1 -1 0.001 100
100 
-1.00000 1.00000 -1.00000 0.84169 -1.16466 0.82735 -0.82918 1.00000 -0.86563 
2.61552 
0.72000 
