CS 540 Spring 2018 HW9 Grading Scheme
+------+-------------------------------------------------------------+
| Part | Points                                                      |
+------+-------------------------------------------------------------+
| 1    | 10, one test                                                |
+------+-------------------------------------------------------------+
| 2    | 10, one test                                                |
+------+-------------------------------------------------------------+
| 3    | 10, 2 points each test                                      |
+------+-------------------------------------------------------------+
| 4    | 10, 2.5 points each test                                    |
+------+-------------------------------------------------------------+
| 5    | 20, 4 points each test                                      |
+------+-------------------------------------------------------------+
| 6    | 10, one test                                                |
+------+-------------------------------------------------------------+
| 7    | 10, 2.5 points each test                                    |
+------+-------------------------------------------------------------+
| 8    | 10, 2.5 points each test                                    |
+------+-------------------------------------------------------------+
| 9    | 10, 5 points each test. We only check the value of beta_0   |
|      | of the last iteration, with a 20% tolerance.                |
+------+-------------------------------------------------------------+
1. (69.5 points) Compiles and passes examples (Part 1-9).
2. (30.5 points) Compiles and passes additional tests (Part 3-5, 7-9).

examples/ex1_1: (10.0 pt)
$java Ice 100
1855 118
1856 151
1857 121
1858 96
1859 110
1860 117
1861 132
1862 104
1863 125
1864 118
1865 125
1866 123
1867 110
1868 127
1869 131
1870 99
1871 126
1872 144
1873 136
1874 126
1875 91
1876 130
1877 62
1878 112
1879 99
1880 161
1881 78
1882 124
1883 119
1884 124
1885 128
1886 131
1887 113
1888 88
1889 75
1890 111
1891 97
1892 112
1893 101
1894 101
1895 91
1896 110
1897 100
1898 130
1899 111
1900 107
1901 105
1902 89
1903 126
1904 108
1905 97
1906 94
1907 83
1908 106
1909 98
1910 101
1911 108
1912 99
1913 88
1914 115
1915 102
1916 116
1917 115
1918 82
1919 110
1920 81
1921 96
1922 125
1923 104
1924 105
1925 124
1926 103
1927 106
1928 96
1929 107
1930 98
1931 65
1932 115
1933 91
1934 94
1935 101
1936 121
1937 105
1938 97
1939 105
1940 96
1941 82
1942 116
1943 114
1944 92
1945 98
1946 101
1947 104
1948 96
1949 109
1950 122
1951 114
1952 81
1953 85
1954 92
1955 114
1956 111
1957 95
1958 126
1959 105
1960 108
1961 117
1962 112
1963 113
1964 120
1965 65
1966 98
1967 91
1968 108
1969 113
1970 110
1971 105
1972 97
1973 105
1974 107
1975 88
1976 115
1977 123
1978 118
1979 99
1980 93
1981 96
1982 54
1983 111
1984 85
1985 107
1986 89
1987 87
1988 97
1989 93
1990 88
1991 99
1992 108
1993 94
1994 74
1995 119
1996 102
1997 47
1998 82
1999 53
2000 115
2001 21
2002 89
2003 80
2004 101
2005 95
2006 66
2007 106
2008 97
2009 87
2010 109
2011 57
2012 87
2013 117
2014 91
2015 62 
2016 65

examples/ex2_1: (10.0 pt)
$java Ice 200
162
102.56
19.56

examples/ex3_1: (2.0 pt)
$java Ice 300 0 0
10897.85

examples/ex3_2: (2.0 pt)
$java Ice 300 100.00 0
386.74

examples/ex3_3: (2.0 pt)
$java Ice 300 300.00 -0.10
333.08

examples/ex4_1: (2.5 pt)
$java Ice 400 0 0
-205.11
-396150.93

examples/ex4_2: (2.5 pt)
$java Ice 400 100 0
-5.11
-9050.93

examples/ex4_3: (2.5 pt)
$java Ice 400 300 -0.1
7.79
15479.64

examples/ex5_1: (4.0 pt)
$java Ice 500 1e-7 5
1 0.00 0.04 1086.78
2 0.00 0.05 471.97
3 0.00 0.05 433.44
4 0.00 0.05 431.03
5 0.00 0.05 430.88

examples/ex5_2: (4.0 pt)
$java Ice 500 1e-8 5
1 0.00 0.00 9387.32
2 0.00 0.01 8094.78
3 0.00 0.01 6988.77
4 0.00 0.01 6042.37
5 0.00 0.02 5232.56

examples/ex5_3: (4.0 pt)
$java Ice 500 1e-9 5
1 0.00 0.00 10741.50
2 0.00 0.00 10587.49
3 0.00 0.00 10435.78
4 0.00 0.00 10286.34
5 0.00 0.00 10139.12

examples/ex5_4: (4.0 pt)
$java Ice 500 1e-6 5
1 0.00 0.40 442211.52
2 -0.00 -2.18 18646694.58
3 0.01 14.54 787004462.48
4 -0.05 -94.08 33217129357.42
5 0.32 611.63 1401997461432.22

examples/ex6_1: (10.0 pt)
$java Ice 600
474.99 -0.19 299.24

examples/ex7_1: (2.5 pt)
$java Ice 700 2017
86.87

examples/ex8_1: (2.5 pt)
$java Ice 800 0.1 5
1 20.51 -1.79 7082.51
2 36.92 -3.23 4640.63
3 50.05 -4.38 3077.80
4 60.55 -5.31 2077.56
5 68.95 -6.05 1437.39

examples/ex9_1: (5.0 pt)
$java Ice 900 0.1 1000
...
1000 105.77 -1.20 370.46


tests/test3_1: (2.0 pt)
$java Ice 300 50 0.05
2383.12

tests/test3_2: (2.0 pt)
$java Ice 300 200 -0.2
84199.70

tests/test4_1: (2.5 pt)
$java Ice 400 200 -0.05
1.34
3214.36

tests/test5_1: (4.0 pt)
$java Ice 500 1e-8 50
1 0.00 0.00 9387.32
2 0.00 0.01 8094.78
3 0.00 0.01 6988.77
4 0.00 0.01 6042.37
5 0.00 0.02 5232.56
6 0.00 0.02 4539.61
7 0.00 0.02 3946.66
8 0.00 0.02 3439.28
9 0.00 0.03 3005.13
10 0.00 0.03 2633.62
11 0.00 0.03 2315.74
12 0.00 0.03 2043.72
13 0.00 0.03 1810.97
14 0.00 0.04 1611.80
15 0.00 0.04 1441.37
16 0.00 0.04 1295.54
17 0.00 0.04 1170.76
18 0.00 0.04 1063.98
19 0.00 0.04 972.62
20 0.00 0.04 894.43
21 0.00 0.04 827.53
22 0.00 0.04 770.29
23 0.00 0.04 721.31
24 0.00 0.04 679.39
25 0.00 0.05 643.53
26 0.00 0.05 612.84
27 0.00 0.05 586.58
28 0.00 0.05 564.11
29 0.00 0.05 544.88
30 0.00 0.05 528.42
31 0.00 0.05 514.35
32 0.00 0.05 502.30
33 0.00 0.05 491.99
34 0.00 0.05 483.17
35 0.00 0.05 475.62
36 0.00 0.05 469.16
37 0.00 0.05 463.64
38 0.00 0.05 458.91
39 0.00 0.05 454.86
40 0.00 0.05 451.40
41 0.00 0.05 448.44
42 0.00 0.05 445.90
43 0.00 0.05 443.73
44 0.00 0.05 441.87
45 0.00 0.05 440.29
46 0.00 0.05 438.93
47 0.00 0.05 437.76
48 0.00 0.05 436.77
49 0.00 0.05 435.92
50 0.00 0.05 435.19

tests/test7_1: (2.5 pt)
$java Ice 700 2020
86.30

tests/test7_2: (2.5 pt)
$java Ice 700 2050
80.52

tests/test7_3: (2.5 pt)
$java Ice 700 3000
-102.28

tests/test8_1: (2.5 pt)
$java Ice 800 1 5
1 205.11 -17.94 10895.86
2 0.00 -0.22 10893.93
3 205.11 -17.72 10892.04
4 -0.00 -0.44 10890.19
5 205.11 -17.51 10888.39

tests/test8_2: (2.5 pt)
$java Ice 800 0.01 5
1 2.05 -0.18 10478.17
2 4.06 -0.36 10075.10
3 6.03 -0.53 9687.99
4 7.96 -0.70 9316.22
5 9.85 -0.86 8959.16

tests/test8_2: (2.5 pt)
$java Ice 800 0.001 5
1 0.21 -0.02 10855.50
2 0.41 -0.04 10813.32
3 0.61 -0.05 10771.31
4 0.82 -0.07 10729.46
5 1.02 -0.09 10687.79

tests/test9_1: (5.0 pt)
$java Ice 900 0.01 1000
...
1000 102.67 -7.40 301.88


